0.0100, 2.17309071, -0.59780816, 0.02173388
0.0200, 2.17204779, -0.59748216, 0.04346477
0.0300, 2.17030944, -0.59693888, 0.06518967
0.0400, 2.16787542, -0.59617840, 0.08690556
0.0500, 2.16474540, -0.59520081, 0.10860944
0.0600, 2.16091897, -0.59400626, 0.13029828
0.0700, 2.15639560, -0.59259490, 0.15196903
0.0800, 2.15117469, -0.59096695, 0.17361864
0.0900, 2.14525556, -0.58912261, 0.19524403
0.1000, 2.13863741, -0.58706216, 0.21684207
0.1100, 2.13131936, -0.58478587, 0.23840964
0.1200, 2.12330047, -0.58229408, 0.25994357
0.1300, 2.11457969, -0.57958712, 0.28144066
0.1400, 2.10515589, -0.57666540, 0.30289766
0.1500, 2.09502785, -0.57352932, 0.32431129
0.1600, 2.08419430, -0.57017933, 0.34567823
0.1700, 2.07265386, -0.56661592, 0.36699511
0.1800, 2.06040509, -0.56283960, 0.38825850
0.1900, 2.04744649, -0.55885094, 0.40946492
0.2000, 2.03377647, -0.55465051, 0.43061084
0.2100, 2.01939339, -0.55023893, 0.45169266
0.2200, 2.00429552, -0.54561688, 0.47270672
0.2300, 1.98848112, -0.54078504, 0.49364930
0.2400, 1.97194834, -0.53574414, 0.51451659
0.2500, 1.95469531, -0.53049497, 0.53530474
0.2600, 1.93672012, -0.52503833, 0.55600978
0.2700, 1.91802078, -0.51937507, 0.57662768
0.2800, 1.89859530, -0.51350608, 0.59715435
0.2900, 1.87844164, -0.50743230, 0.61758556
0.3000, 1.85755774, -0.50115470, 0.63791704
0.3100, 1.83594149, -0.49467430, 0.65814440
0.3200, 1.81359080, -0.48799217, 0.67826314
0.3300, 1.79050356, -0.48110942, 0.69826870
0.3400, 1.76667763, -0.47402719, 0.71815637
0.3500, 1.74211091, -0.46674670, 0.73792136
0.3600, 1.71680128, -0.45926919, 0.75755876
0.3700, 1.69074665, -0.45159597, 0.77706354
0.3800, 1.66394497, -0.44372838, 0.79643057
0.3900, 1.63639419, -0.43566783, 0.81565458
0.4000, 1.60809233, -0.42741578, 0.83473018
0.4100, 1.57903745, -0.41897374, 0.85365185
0.4200, 1.54922768, -0.41034328, 0.87241394
0.4300, 1.51866121, -0.40152601, 0.89101068
0.4400, 1.48733631, -0.39252363, 0.90943613
0.4500, 1.45525135, -0.38333788, 0.92768424
0.4600, 1.42240481, -0.37397056, 0.94574880
0.4700, 1.38879526, -0.36442354, 0.96362344
0.4800, 1.35442142, -0.35469875, 0.98130168
0.4900, 1.31928215, -0.34479818, 0.99877684
0.5000, 1.28337645, -0.33472391, 1.01604212
0.5100, 1.24670350, -0.32447806, 1.03309055
0.5200, 1.20926266, -0.31406284, 1.04991498
0.5300, 1.17105348, -0.30348053, 1.06650813
0.5400, 1.13207573, -0.29273348, 1.08286253
0.5500, 1.09232940, -0.28182410, 1.09897055
0.5600, 1.05181475, -0.27075491, 1.11482439
0.5700, 1.01053227, -0.25952849, 1.13041609
0.5800, 0.96848277, -0.24814749, 1.14573751
0.5900, 0.92566731, -0.23661467, 1.16078032
0.6000, 0.88208733, -0.22493284, 1.17553604
0.6100, 0.83774455, -0.21310493, 1.18999600
0.6200, 0.79264110, -0.20113394, 1.20415137
0.6300, 0.74677946, -0.18902295, 1.21799312
0.6400, 0.70016253, -0.17677515, 1.23151206
0.6500, 0.65279362, -0.16439382, 1.24469884
0.6600, 0.60467650, -0.15188232, 1.25754390
0.6700, 0.55581541, -0.13924411, 1.27003755
0.6800, 0.50621510, -0.12648277, 1.28216989
0.6900, 0.45588083, -0.11360195, 1.29393088
0.7000, 0.40481839, -0.10060542, 1.30531030
0.7100, 0.35303417, -0.08749705, 1.31629777
0.7200, 0.30053516, -0.07428081, 1.32688277
0.7300, 0.24732897, -0.06096077, 1.33705461
0.7400, 0.19342385, -0.04754113, 1.34680244
0.7500, 0.13882876, -0.03402617, 1.35611530
0.7600, 0.08355335, -0.02042031, 1.36498207
0.7700, 0.02760803, -0.00672806, 1.37339151
0.7800, -0.02899604, 0.00704596, 1.38133225
0.7900, -0.08624689, 0.02089699, 1.38879283
0.8000, -0.14413173, 0.03482017, 1.39576166
0.8100, -0.20263691, 0.04881054, 1.40222708
0.8200, -0.26174788, 0.06286300, 1.40817733
0.8300, -0.32144921, 0.07697233, 1.41360061
0.8400, -0.38172448, 0.09113321, 1.41848502
0.8500, -0.44255633, 0.10534020, 1.42281867
0.8600, -0.50392638, 0.11958771, 1.42658959
0.8700, -0.56581522, 0.13387007, 1.42978585
0.8800, -0.62820241, 0.14818147, 1.43239549
0.8900, -0.69106637, 0.16251599, 1.43440659
0.9000, -0.75438447, 0.17686757, 1.43580727
0.9100, -0.81813291, 0.19123006, 1.43658572
0.9200, -0.88228674, 0.20559717, 1.43673019
0.9300, -0.94681982, 0.21996251, 1.43622908
0.9400, -1.01170482, 0.23431956, 1.43507088
0.9500, -1.07691319, 0.24866170, 1.43324426
0.9600, -1.14241514, 0.26298218, 1.43073806
0.9700, -1.20817963, 0.27727416, 1.42754134
0.9800, -1.27417434, 0.29153067, 1.42364340
0.9900, -1.34036570, 0.30574466, 1.41903377
1.0000, -1.40671883, 0.31990894, 1.41370232
1.0100, -1.47319757, 0.33401626, 1.40763923
1.0200, -1.53976449, 0.34805926, 1.40083502
1.0300, -1.60638084, 0.36203046, 1.39328063
1.0400, -1.67300659, 0.37592234, 1.38496742
1.0500, -1.73960046, 0.38972725, 1.37588718
1.0600, -1.80611988, 0.40343750, 1.36603224
1.0700, -1.87252105, 0.41704529, 1.35539542
1.0800, -1.93875893, 0.43054278, 1.34397014
1.0900, -2.00478728, 0.44392205, 1.33175040
1.1000, -2.07055870, 0.45717512, 1.31873086
1.1100, -2.13602464, 0.47029398, 1.30490683
1.1200, -2.20113546, 0.48327056, 1.29027436
1.1300, -2.26584046, 0.49609676, 1.27483024
1.1400, -2.33008795, 0.50876446, 1.25857206
1.1500, -2.39382528, 0.52126549, 1.24149821
1.1600, -2.45699891, 0.53359170, 1.22360797
1.1700, -2.51955449, 0.54573493, 1.20490149
1.1800, -2.58143691, 0.55768701, 1.18537987
1.1900, -2.64259039, 0.56943981, 1.16504515
1.2000, -2.70295854, 0.58098521, 1.14390039
1.2100, -2.76248450, 0.59231513, 1.12194964
1.2200, -2.82111098, 0.60342154, 1.09919804
1.2300, -2.87878036, 0.61429645, 1.07565177
1.2400, -2.93543484, 0.62493195, 1.05131813
1.2500, -2.99101649, 0.63532021, 1.02620555
1.2600, -3.04546742, 0.64545349, 1.00032359
1.2700, -3.09872983, 0.65532415, 0.97368298
1.2800, -3.15074619, 0.66492466, 0.94629559
1.2900, -3.20145933, 0.67424762, 0.91817453
1.3000, -3.25081259, 0.68328576, 0.88933403
1.3100, -3.29874993, 0.69203195, 0.85978958
1.3200, -3.34521606, 0.70047926, 0.82955781
1.3300, -3.39015660, 0.70862088, 0.79865657
1.3400, -3.43351819, 0.71645022, 0.76710487
1.3500, -3.47524865, 0.72396088, 0.73492291
1.3600, -3.51529709, 0.73114665, 0.70213203
1.3700, -3.55361405, 0.73800156, 0.66875471
1.3800, -3.59015167, 0.74451987, 0.63481453
1.3900, -3.62486378, 0.75069606, 0.60033615
1.4000, -3.65770604, 0.75652488, 0.56534530
1.4100, -3.68863609, 0.76200134, 0.52986871
1.4200, -3.71761366, 0.76712073, 0.49393407
1.4300, -3.74460068, 0.77187859, 0.45757001
1.4400, -3.76956140, 0.77627080, 0.42080605
1.4500, -3.79246251, 0.78029348, 0.38367251
1.4600, -3.81327325, 0.78394312, 0.34620051
1.4700, -3.83196547, 0.78721647, 0.30842186
1.4800, -3.84851374, 0.79011064, 0.27036904
1.4900, -3.86289546, 0.79262305, 0.23207509
1.5000, -3.87509087, 0.79475145, 0.19357361
1.5100, -3.88508317, 0.79649394, 0.15489860
1.5200, -3.89285854, 0.79784896, 0.11608447
1.5300, -3.89840621, 0.79881528, 0.07716593
1.5400, -3.90171848, 0.79939205, 0.03817791
1.5500, -3.90279073, 0.79957873, -0.00084451
1.5600, -3.90162148, 0.79937516, -0.03986618
1.5700, -3.89821236, 0.79878152, -0.07885192
1.5800, -3.89256810, 0.79779836, -0.11776666
1.5900, -3.88469654, 0.79642654, -0.15657548
1.6000, -3.87460858, 0.79466732, -0.19524369
1.6100, -3.86231819, 0.79252225, -0.23373690
1.6200, -3.84784228, 0.78999327, -0.27202110
1.6300, -3.83120073, 0.78708264, -0.31006274
1.6400, -3.81241628, 0.78379294, -0.34782878
1.6500, -3.79151447, 0.78012709, -0.38528679
1.6600, -3.76852357, 0.77608834, -0.42240497
1.6700, -3.74347445, 0.77168023, -0.45915225
1.6800, -3.71640053, 0.76690663, -0.49549833
1.6900, -3.68733766, 0.76177170, -0.53141373
1.7000, -3.65632400, 0.75627988, -0.56686987
1.7100, -3.62339992, 0.75043592, -0.60183909
1.7200, -3.58860788, 0.74424481, -0.63629470
1.7300, -3.55199229, 0.73771183, -0.67021102
1.7400, -3.51359939, 0.73084247, -0.70356345
1.7500, -3.47347712, 0.72364251, -0.73632843
1.7600, -3.43167501, 0.71611794, -0.76848355
1.7700, -3.38824399, 0.70827495, -0.80000750
1.7800, -3.34323632, 0.70011996, -0.83088016
1.7900, -3.29670538, 0.69165958, -0.86108254
1.8000, -3.24870562, 0.68290060, -0.89059687
1.8100, -3.19929234, 0.67384999, -0.91940653
1.8200, -3.14852162, 0.66451487, -0.94749614
1.8300, -3.09645015, 0.65490252, -0.97485146
1.8400, -3.04313511, 0.64502033, -1.00145949
1.8500, -2.98863405, 0.63487586, -1.02730836
1.8600, -2.93300477, 0.62447673, -1.05238742
1.8700, -2.87630517, 0.61383071, -1.07668715
1.8800, -2.81859317, 0.60294561, -1.10019917
1.8900, -2.75992658, 0.59182937, -1.12291623
1.9000, -2.70036299, 0.58048996, -1.14483220
1.9100, -2.63995967, 0.56893542, -1.16594198
1.9200, -2.57877348, 0.55717382, -1.18624156
1.9300, -2.51686078, 0.54521330, -1.20572795
1.9400, -2.45427732, 0.53306198, -1.22439911
1.9500, -2.39107817, 0.52072803, -1.24225402
1.9600, -2.32731766, 0.50821962, -1.25929255
1.9700, -2.26304929, 0.49554490, -1.27551546
1.9800, -2.19832566, 0.48271203, -1.29092440
1.9900, -2.13319843, 0.46972912, -1.30552181
2.0000, -2.06771825, 0.45660428, -1.31931093
2.0100, -2.00193471, 0.44334558, -1.33229577
2.0200, -1.93589632, 0.42996103, -1.34448101
2.0300, -1.86965043, 0.41645861, -1.35587204
2.0400, -1.80324322, 0.40284622, -1.36647487
2.0500, -1.73671968, 0.38913172, -1.37629614
2.0600, -1.67012356, 0.37532288, -1.38534301
2.0700, -1.60349736, 0.36142741, -1.39362322
2.0800, -1.53688233, 0.34745294, -1.40114496
2.0900, -1.47031844, 0.33340701, -1.40791690
2.1000, -1.40384437, 0.31929707, -1.41394813
2.1100, -1.33749750, 0.30513049, -1.41924814
2.1200, -1.27131394, 0.29091452, -1.42382675
2.1300, -1.20532850, 0.27665632, -1.42769413
2.1400, -1.13957472, 0.26236297, -1.43086074
2.1500, -1.07408484, 0.24804141, -1.43333730
2.1600, -1.00888985, 0.23369849, -1.43513476
2.1700, -0.94401950, 0.21934094, -1.43626428
2.1800, -0.87950228, 0.20497539, -1.43673722
2.1900, -0.81536546, 0.19060835, -1.43656507
2.2000, -0.75163514, 0.17624620, -1.43575945
2.2100, -0.68833621, 0.16189523, -1.43433211
2.2200, -0.62549242, 0.14756159, -1.43229486
2.2300, -0.56312636, 0.13325133, -1.42965958
2.2400, -0.50125955, 0.11897035, -1.42643821
2.2500, -0.43991240, 0.10472448, -1.42264268
2.2600, -0.37910426, 0.09051937, -1.41828495
2.2700, -0.31885348, 0.07636061, -1.41337697
2.2800, -0.25917737, 0.06225363, -1.40793065
2.2900, -0.20009230, 0.04820375, -1.40195785
2.3000, -0.14161368, 0.03421619, -1.39547040
2.3100, -0.08375600, 0.02029602, -1.38848005
2.3200, -0.02653288, 0.00644822, -1.38099845
2.3300, 0.03004293, -0.00732235, -1.37303719
2.3400, 0.08595948, -0.02101096, -1.36460773
2.3500, 0.14120565, -0.03461298, -1.35572142
2.3600, 0.19577108, -0.04812390, -1.34638951
2.3700, 0.24964613, -0.06153932, -1.33662310
2.3800, 0.30282189, -0.07485495, -1.32643316
2.3900, 0.35529011, -0.08806661, -1.31583052
2.4000, 0.40704323, -0.10117022, -1.30482586
2.4100, 0.45807428, -0.11416182, -1.29342972
2.4200, 0.50837691, -0.12703755, -1.28165245
2.4300, 0.55794534, -0.13979364, -1.26950426
2.4400, 0.60677432, -0.15242643, -1.25699521
2.4500, 0.65485914, -0.16493237, -1.24413515
2.4600, 0.70219558, -0.17730800, -1.23093381
2.4700, 0.74877990, -0.18954994, -1.21740070
2.4800, 0.79460878, -0.20165493, -1.20354518
2.4900, 0.83967936, -0.21361980, -1.18937645
2.5000, 0.88398916, -0.22544145, -1.17490351
2.5100, 0.92753610, -0.23711689, -1.16013519
2.5200, 0.97031843, -0.24864320, -1.14508014
2.5300, 1.01233476, -0.26001756, -1.12974686
2.5400, 1.05358402, -0.27123723, -1.11414365
2.5500, 1.09406543, -0.28229956, -1.09827864
2.5600, 1.13377850, -0.29320196, -1.08215979
2.5700, 1.17272299, -0.30394194, -1.06579491
2.5800, 1.21089891, -0.31451706, -1.04919160
2.5900, 1.24830651, -0.32492500, -1.03235732
2.6000, 1.28494624, -0.33516347, -1.01529936
2.6100, 1.32081875, -0.34523026, -0.99802486
2.6200, 1.35592487, -0.35512326, -0.98054076
2.6300, 1.39026561, -0.36484040, -0.96285389
2.6400, 1.42384211, -0.37437969, -0.94497089
2.6500, 1.45665567, -0.38373919, -0.92689826
2.6600, 1.48870770, -0.39291704, -0.90864235
2.6700, 1.51999974, -0.40191145, -0.89020936
2.6800, 1.55053343, -0.41072066, -0.87160535
2.6900, 1.58031049, -0.41934300, -0.85283623
2.7000, 1.60933274, -0.42777685, -0.83390778
2.7100, 1.63760205, -0.43602065, -0.81482565
2.7200, 1.66512037, -0.44407287, -0.79559534
2.7300, 1.69188968, -0.45193208, -0.77622224
2.7400, 1.71791202, -0.45959686, -0.75671161
2.7500, 1.74318946, -0.46706587, -0.73706858
2.7600, 1.76772408, -0.47433781, -0.71729818
2.7700, 1.79151799, -0.48141142, -0.69740531
2.7800, 1.81457332, -0.48828552, -0.67739477
2.7900, 1.83689218, -0.49495894, -0.65727122
2.8000, 1.85847669, -0.50143058, -0.63703927
2.8100, 1.87932895, -0.50769938, -0.61670339
2.8200, 1.89945105, -0.51376432, -0.59626795
2.8300, 1.91884506, -0.51962442, -0.57573725
2.8400, 1.93751301, -0.52527876, -0.55511549
2.8500, 1.95545692, -0.53072644, -0.53440677
2.8600, 1.97267873, -0.53596662, -0.51361512
2.8700, 1.98918038, -0.54099848, -0.49274449
2.8800, 2.00496374, -0.54582126, -0.47179874
2.8900, 2.02003064, -0.55043422, -0.45078166
2.9000, 2.03438283, -0.55483667, -0.42969699
2.9100, 2.04802202, -0.55902795, -0.40854838
2.9200, 2.06094987, -0.56300743, -0.38733943
2.9300, 2.07316795, -0.56677454, -0.36607365
2.9400, 2.08467777, -0.57032873, -0.34475454
2.9500, 2.09548076, -0.57366947, -0.32338550
2.9600, 2.10557830, -0.57679628, -0.30196992
2.9700, 2.11497165, -0.57970872, -0.28051112
2.9800, 2.12366203, -0.58240637, -0.25901238
2.9900, 2.13165057, -0.58488885, -0.23747692
3.0000, 2.13893831, -0.58715580, -0.21590797
3.0100, 2.14552619, -0.58920691, -0.19430868
3.0200, 2.15141509, -0.59104188, -0.17268218
3.0300, 2.15660579, -0.59266047, -0.15103159
3.0400, 2.16109899, -0.59406244, -0.12935999
3.0500, 2.16489528, -0.59524761, -0.10767044
3.0600, 2.16799516, -0.59621580, -0.08596598
3.0700, 2.17039907, -0.59696689, -0.06424963
3.0800, 2.17210732, -0.59750077, -0.04252442
3.0900, 2.17312014, -0.59781736, -0.02079334
3.1000, 2.17343768, -0.59791662, 0.00094061
3.1100, 2.17305997, -0.59779855, 0.02267443
3.1200, 2.17198696, -0.59746315, 0.04440512
3.1300, 2.17021850, -0.59691047, 0.06612968
3.1400, 2.16775437, -0.59614058, 0.08784512
3.1500, 2.16459422, -0.59515360, 0.10954841
3.1600, 2.16073764, -0.59394966, 0.13123653
3.1700, 2.15618410, -0.59252893, 0.15290643
3.1800, 2.15093299, -0.59089161, 0.17455506
3.1900, 2.14498362, -0.58903791, 0.19617932
3.2000, 2.13833520, -0.58696811, 0.21777611
3.2100, 2.13098684, -0.58468249, 0.23934229
3.2200, 2.12293760, -0.58218138, 0.26087470
3.2300, 2.11418642, -0.57946512, 0.28237011
3.2400, 2.10473216, -0.57653411, 0.30382531
3.2500, 2.09457362, -0.57338876, 0.32523699
3.2600, 2.08370950, -0.57002953, 0.34660183
3.2700, 2.07213844, -0.56645689, 0.36791647
3.2800, 2.05985899, -0.56267138, 0.38917746
3.2900, 2.04686963, -0.55867353, 0.41038134
3.3000, 2.03316878, -0.55446395, 0.43152456
3.3100, 2.01875480, -0.55004326, 0.45260352
3.3200, 2.00362596, -0.54541211, 0.47361457
3.3300, 1.98778050, -0.54057120, 0.49455397
3.3400, 1.97121659, -0.53552128, 0.51541792
3.3500, 1.95393236, -0.53026311, 0.53620255
3.3600, 1.93592586, -0.52479751, 0.55690390
3.3700, 1.91719514, -0.51912532, 0.57751794
3.3800, 1.89773819, -0.51324745, 0.59804056
3.3900, 1.87755297, -0.50716483, 0.61846755
3.4000, 1.85663742, -0.50087843, 0.63879462
3.4100, 1.83498943, -0.49438929, 0.65901737
3.4200, 1.81260691, -0.48769845, 0.67913131
3.4300, 1.78948774, -0.48080704, 0.69913186
3.4400, 1.76562980, -0.47371621, 0.71901432
3.4500, 1.74103096, -0.46642716, 0.73877389
3.4600, 1.71568914, -0.45894115, 0.75840566
3.4700, 1.68960222, -0.45125949, 0.77790459
3.4800, 1.66276816, -0.44338352, 0.79726554
3.4900, 1.63518492, -0.43531466, 0.81648324
3.5000, 1.60685051, -0.42705435, 0.83555229
3.5100, 1.57776300, -0.41860412, 0.85446717
3.5200, 1.54792052, -0.40996554, 0.87322223
3.5300, 1.51732126, -0.40114023, 0.89181168
3.5400, 1.48596350, -0.39212988, 0.91022958
3.5500, 1.45384561, -0.38293623, 0.92846987
3.5600, 1.42096608, -0.37356110, 0.94652634
3.5700, 1.38732348, -0.36400634, 0.96439263
3.5800, 1.35291654, -0.35427390, 0.98206221
3.5900, 1.31774412, -0.34436577, 0.99952844
3.6000, 1.28180523, -0.33428403, 1.01678448
3.6100, 1.24509906, -0.32403081, 1.03382335
3.6200, 1.20762497, -0.31360831, 1.05063793
3.6300, 1.16938253, -0.30301882, 1.06722090
3.6400, 1.13037152, -0.29226469, 1.08356480
3.6500, 1.09059193, -0.28134835, 1.09966198
3.6600, 1.05004404, -0.27027230, 1.11550465
3.6700, 1.00872835, -0.25903913, 1.13108482
3.6800, 0.96664567, -0.24765150, 1.14639435
3.6900, 0.92379710, -0.23611217, 1.16142491
3.7000, 0.88018406, -0.22442396, 1.17616802
3.7100, 0.83580832, -0.21258980, 1.19061498
3.7200, 0.79067200, -0.20061268, 1.20475696
3.7300, 0.74477761, -0.18849571, 1.21858493
3.7400, 0.69812806, -0.17624206, 1.23208970
3.7500, 0.65072669, -0.16385502, 1.24526188
3.7600, 0.60257728, -0.15133796, 1.25809194
3.7700, 0.55368411, -0.13869436, 1.27057016
3.7800, 0.50405192, -0.12592777, 1.28268664
3.7900, 0.45368600, -0.11304186, 1.29443132
3.8000, 0.40259219, -0.10004041, 1.30579400
3.8100, 0.35077689, -0.08692729, 1.31676427
3.8200, 0.29824712, -0.07370647, 1.32733162
3.8300, 0.24501050, -0.06038204, 1.33748533
3.8400, 0.19107533, -0.04695818, 1.34721456
3.8500, 0.13645059, -0.03343920, 1.35650835
3.8600, 0.08114597, -0.01982950, 1.36535556
3.8700, 0.02517191, -0.00613361, 1.37374495
3.8800, -0.03146041, 0.00764383, 1.38166515
3.8900, -0.08873897, 0.02149809, 1.38910469
3.9000, -0.14665094, 0.03542429, 1.39605197
3.9100, -0.20518265, 0.04941745, 1.40249534
3.9200, -0.26431950, 0.06347248, 1.40842303
3.9300, -0.32404601, 0.07758415, 1.41382323
3.9400, -0.38434573, 0.09174714, 1.41868406
3.9500, -0.44520126, 0.10595600, 1.42299360
3.9600, -0.50659417, 0.12020514, 1.42673990
3.9700, -0.56850502, 0.13448888, 1.42991102
3.9800, -0.63091329, 0.14880140, 1.43249501
3.9900, -0.69379739, 0.16313678, 1.43447993
4.0000, -0.75713461, 0.17748896, 1.43585393
4.0100, -0.82090112, 0.19185178, 1.43660518
4.0200, -0.88507191, 0.20621895, 1.43672195
4.0300, -0.94962079, 0.22058407, 1.43619264
4.0400, -1.01452039, 0.23494061, 1.43500574
4.0500, -1.07974209, 0.24928195, 1.43314994
4.0600, -1.14525606, 0.26360134, 1.43061409
4.0700, -1.21103119, 0.27789193, 1.42738724
4.0800, -1.27703511, 0.29214675, 1.42345871
4.0900, -1.34323420, 0.30635873, 1.41881806
4.1000, -1.40959353, 0.32052070, 1.41345515
4.1100, -1.47607687, 0.33462539, 1.40736017
4.1200, -1.54264674, 0.34866543, 1.40052368
4.1300, -1.60926433, 0.36263337, 1.39293663
4.1400, -1.67588957, 0.37652164, 1.38459038
4.1500, -1.74248111, 0.39032262, 1.37547678
4.1600, -1.80899633, 0.40402859, 1.36558814
4.1700, -1.87539137, 0.41763177, 1.35491733
4.1800, -1.94162114, 0.43112431, 1.34345779
4.1900, -2.00763937, 0.44449828, 1.33120355
4.2000, -2.07339858, 0.45774571, 1.31814927
4.2100, -2.13885018, 0.47085858, 1.30429034
4.2200, -2.20394450, 0.48382882, 1.28962280
4.2300, -2.26863078, 0.49664833, 1.27414350
4.2400, -2.33285729, 0.50930898, 1.25785004
4.2500, -2.39657134, 0.52180261, 1.24074087
4.2600, -2.45971935, 0.53412107, 1.22281529
4.2700, -2.52224694, 0.54625620, 1.20407351
4.2800, -2.58409898, 0.55819983, 1.18451665
4.2900, -2.64521963, 0.56994382, 1.16414680
4.3000, -2.70555252, 0.58148006, 1.14296707
4.3100, -2.76504075, 0.59280048, 1.12098155
4.3200, -2.82362699, 0.60389703, 1.09819541
4.3300, -2.88125365, 0.61476174, 1.07461491
4.3400, -2.93786290, 0.62538670, 1.05024738
4.3500, -2.99339682, 0.63576409, 1.02510130
4.3600, -3.04779750, 0.64588616, 0.99918628
4.3700, -3.10100717, 0.65574529, 0.97251309
4.3800, -3.15296832, 0.66533394, 0.94509368
4.3900, -3.20362378, 0.67464472, 0.91694117
4.4000, -3.25291691, 0.68367036, 0.88806988
4.4100, -3.30079172, 0.69240377, 0.85849533
4.4200, -3.34719294, 0.70083798, 0.82823421
4.4300, -3.39206625, 0.70896622, 0.79730442
4.4400, -3.43535832, 0.71678190, 0.76572502
4.4500, -3.47701703, 0.72427863, 0.73351626
4.4600, -3.51699155, 0.73145020, 0.70069952
4.4700, -3.55523249, 0.73829067, 0.66729734
4.4800, -3.59169204, 0.74479428, 0.63333335
4.4900, -3.62632413, 0.75095554, 0.59883226
4.5000, -3.65908450, 0.75676922, 0.56381983
4.5100, -3.68993087, 0.76223032, 0.52832283
4.5200, -3.71882307, 0.76733415, 0.49236901
4.5300, -3.74572311, 0.77207628, 0.45598703
4.5400, -3.77059537, 0.77645256, 0.41920643
4.5500, -3.79340664, 0.78045918, 0.38205760
4.5600, -3.81412625, 0.78409259, 0.34457166
4.5700, -3.83272619, 0.78734959, 0.30678047
4.5800, -3.84918115, 0.79022729, 0.26871652
4.5900, -3.86346864, 0.79272312, 0.23041290
4.6000, -3.87556903, 0.79483486, 0.19190319
4.6100, -3.88546565, 0.79656062, 0.15322145
4.6200, -3.89314482, 0.79789883, 0.11440209
4.6300, -3.89859588, 0.79884831, 0.07547981
4.6400, -3.90181128, 0.79940820, 0.03648957
4.6500, -3.90278653, 0.79957800, -0.00253354
4.6600, -3.90152029, 0.79935754, -0.04155438
4.6700, -3.89801432, 0.79874703, -0.08053777
4.6800, -3.89227348, 0.79774703, -0.11944865
4.6900, -3.88430575, 0.79635842, -0.15825211
4.7000, -3.87412217, 0.79458246, -0.19691345
4.7100, -3.86173682, 0.79242074, -0.23539831
4.7200, -3.84716675, 0.78987519, -0.27367271
4.7300, -3.83043197, 0.78694810, -0.31170310
4.7400, -3.81155534, 0.78364205, -0.34945648
4.7500, -3.79056252, 0.77996000, -0.38690044
4.7600, -3.76748188, 0.77590518, -0.42400320
4.7700, -3.74234442, 0.77148118, -0.46073374
4.7800, -3.71518367, 0.76669185, -0.49706178
4.7900, -3.68603557, 0.76154138, -0.53295790
4.8000, -3.65493838, 0.75603423, -0.56839353
4.8100, -3.62193257, 0.75017514, -0.60334106
4.8200, -3.58706068, 0.74396912, -0.63777385
4.8300, -3.55036720, 0.73742146, -0.67166628
4.8400, -3.51189845, 0.73053768, -0.70499376
4.8500, -3.47170245, 0.72332355, -0.73773281
4.8600, -3.42982878, 0.71578506, -0.76986104
4.8700, -3.38632844, 0.70792843, -0.80135722
4.8800, -3.34125372, 0.69976009, -0.83220125
4.8900, -3.29465809, 0.69128664, -0.86237422
4.9000, -3.24659600, 0.68251490, -0.89185838
4.9100, -3.19712281, 0.67345183, -0.92063720
4.9200, -3.14629462, 0.66410456, -0.94869531
4.9300, -3.09416814, 0.65448037, -0.97601855
4.9400, -3.04080058, 0.64458668, -1.00259396
4.9500, -2.98624950, 0.63443103, -1.02840973
4.9600, -2.93057269, 0.62402105, -1.05345525
4.9700, -2.87382808, 0.61336452, -1.07772105
4.9800, -2.81607357, 0.60246926, -1.10119881
4.9900, -2.75736697, 0.59134319, -1.12388133
5.0000, -2.69776586, 0.57999430, -1.14576250
5.0100, -2.63732748, 0.56843063, -1.16683729
5.0200, -2.57610870, 0.55666026, -1.18710174
5.0300, -2.51416582, 0.54469131, -1.20655287
5.0400, -2.45155457, 0.53253192, -1.22518873
5.0500, -2.38833001, 0.52019025, -1.24300831
5.0600, -2.32454642, 0.50767448, -1.26001151
5.0700, -2.26025726, 0.49499274, -1.27619916
5.0800, -2.19551510, 0.48215321, -1.29157292
5.0900, -2.13037156, 0.46916399, -1.30613528
5.1000, -2.06487723, 0.45603319, -1.31988950
5.1100, -1.99908167, 0.44276888, -1.33283963
5.1200, -1.93303332, 0.42937907, -1.34499038
5.1300, -1.86677950, 0.41587172, -1.35634717
5.1400, -1.80036634, 0.40225475, -1.36691604
5.1500, -1.73383876, 0.38853600, -1.37670364
5.1600, -1.66724046, 0.37472326, -1.38571717
5.1700, -1.60061391, 0.36082421, -1.39396438
5.1800, -1.53400027, 0.34684650, -1.40145349
5.1900, -1.46743948, 0.33279764, -1.40819318
5.2000, -1.40097014, 0.31868510, -1.41419257
5.2100, -1.33462961, 0.30451623, -1.41946115
5.2200, -1.26845391, 0.29029828, -1.42400877
5.2300, -1.20247781, 0.27603842, -1.42784561
5.2400, -1.13673479, 0.26174370, -1.43098213
5.2500, -1.07125704, 0.24742108, -1.43342907
5.2600, -1.00607550, 0.23307738, -1.43519739
5.2700, -0.94121985, 0.21871935, -1.43629826
5.2800, -0.87671853, 0.20435360, -1.43674304
5.2900, -0.81259878, 0.18998664, -1.43654323
5.3000, -0.74888662, 0.17562485, -1.43571047
5.3100, -0.68560690, 0.16127450, -1.43425648
5.3200, -0.62278332, 0.14694175, -1.43219311
5.3300, -0.56043844, 0.13263263, -1.42953222
5.3400, -0.49859370, 0.11835306, -1.42628575
5.3500, -0.43726948, 0.10410883, -1.42246564
5.3600, -0.37648510, 0.08990562, -1.41808385
5.3700, -0.31625883, 0.07574898, -1.41315233
5.3800, -0.25660797, 0.06164437, -1.40768297
5.3900, -0.19754883, 0.04759708, -1.40168766
5.4000, -0.13909678, 0.03361233, -1.39517821
5.4100, -0.08126629, 0.01969519, -1.38816635
5.4200, -0.02407093, 0.00585063, -1.38066376
5.4300, 0.03247658, -0.00791649, -1.37268199
5.4400, 0.08836435, -0.02160145, -1.36423252
5.4500, 0.14358127, -0.03519962, -1.35532670
5.4600, 0.19811702, -0.04870650, -1.34597576
5.4700, 0.25196198, -0.06211769, -1.33619079
5.4800, 0.30510728, -0.07542890, -1.32598277
5.4900, 0.35754472, -0.08863597, -1.31536251
5.5000, 0.40926672, -0.10173481, -1.30434070
5.5100, 0.46026638, -0.11472148, -1.29292784
5.5200, 0.51053735, -0.12759210, -1.28113431
5.5300, 0.56007388, -0.14034293, -1.26897030
5.5400, 0.60887075, -0.15297031, -1.25644585
5.5500, 0.65692326, -0.16547068, -1.24357083
5.5600, 0.70422723, -0.17784059, -1.23035493
5.5700, 0.75077892, -0.19007667, -1.21680767
5.5800, 0.79657504, -0.20217567, -1.20293842
5.5900, 0.84161274, -0.21413440, -1.18875633
5.6000, 0.88588957, -0.22594978, -1.17427042
5.6100, 0.92940345, -0.23761882, -1.15948952
5.6200, 0.97215266, -0.24913862, -1.14442226
5.6300, 1.01413581, -0.26050634, -1.12907712
5.6400, 1.05535186, -0.27171926, -1.11346241
5.6500, 1.09580002, -0.28277472, -1.09758625
5.6600, 1.13547983, -0.29367014, -1.08145660
5.6700, 1.17439105, -0.30440303, -1.06508124
5.6800, 1.21253372, -0.31497097, -1.04846778
5.6900, 1.24990808, -0.32537162, -1.03162367
5.7000, 1.28651459, -0.33560270, -1.01455620
5.7100, 1.32235391, -0.34566202, -0.99727248
5.7200, 1.35742689, -0.35554745, -0.97977947
5.7300, 1.39173453, -0.36525694, -0.96208397
5.7400, 1.42527798, -0.37478848, -0.94419263
5.7500, 1.45805855, -0.38414016, -0.92611194
5.7600, 1.49007766, -0.39331011, -0.90784824
5.7700, 1.52133685, -0.40229653, -0.88940773
5.7800, 1.55183775, -0.41109769, -0.87079645
5.7900, 1.58158211, -0.41971191, -0.85202031
5.8000, 1.61057174, -0.42813757, -0.83308510
5.8100, 1.63880851, -0.43637310, -0.81399644
5.8200, 1.66629437, -0.44441701, -0.79475984
5.8300, 1.69303131, -0.45226782, -0.77538068
5.8400, 1.71902137, -0.45992416, -0.75586421
5.8500, 1.74426662, -0.46738467, -0.73621557
5.8600, 1.76876914, -0.47464805, -0.71643977
5.8700, 1.79253104, -0.48171306, -0.69654171
5.8800, 1.81555445, -0.48857849, -0.67652618
5.8900, 1.83784149, -0.49524320, -0.65639785
5.9000, 1.85939426, -0.50170609, -0.63616130
5.9100, 1.88021488, -0.50796608, -0.61582102
5.9200, 1.90030543, -0.51402218, -0.59538137
5.9300, 1.91966798, -0.51987339, -0.57484665
5.9400, 1.93830456, -0.52551881, -0.55422104
5.9500, 1.95621717, -0.53095753, -0.53350865
5.9600, 1.97340778, -0.53618870, -0.51271350
5.9700, 1.98987830, -0.54121153, -0.49183953
5.9800, 2.00563062, -0.54602524, -0.47089062
5.9900, 2.02066655, -0.55062911, -0.44987055
6.0000, 2.03498785, -0.55502243, -0.42878303
6.0100, 2.04859622, -0.55920456, -0.40763174
6.0200, 2.06149332, -0.56317487, -0.38642025
6.0300, 2.07368072, -0.56693277, -0.36515209
6.0400, 2.08515992, -0.57047773, -0.34383075
6.0500, 2.09593235, -0.57380922, -0.32245963
6.0600, 2.10599939, -0.57692677, -0.30104211
6.0700, 2.11536229, -0.57982992, -0.27958151
6.0800, 2.12402228, -0.58251827, -0.25808111
6.0900, 2.13198047, -0.58499142, -0.23654414
6.1000, 2.13923789, -0.58724904, -0.21497381
6.1100, 2.14579551, -0.58929080, -0.19337328
6.1200, 2.15165418, -0.59111641, -0.17174568
6.1300, 2.15681468, -0.59272563, -0.15009411
6.1400, 2.16127771, -0.59411822, -0.12842167
6.1500, 2.16504384, -0.59529400, -0.10673141
6.1600, 2.16811360, -0.59625280, -0.08502637
6.1700, 2.17048740, -0.59699449, -0.06330958
6.1800, 2.17216555, -0.59751897, -0.04158405
6.1900, 2.17314828, -0.59782615, -0.01985278
6.2000, 2.17343573, -0.59791601, 0.00188122
6.2100, 2.17302792, -0.59778853, 0.02361496
6.2200, 2.17192482, -0.59744372, 0.04534545
6.2300, 2.17012627, -0.59688164, 0.06706968
6.2400, 2.16763202, -0.59610236, 0.08878466
6.2500, 2.16444174, -0.59510599, 0.11048735
6.2600, 2.16055501, -0.59389267, 0.13217475
6.2700, 2.15597129, -0.59246256, 0.15384380
6.2800, 2.15068998, -0.59081586, 0.17549143
6.2900, 2.14471037, -0.58895281, 0.19711457
6.3000, 2.13803167, -0.58687366, 0.21871010
6.3100, 2.13065301, -0.58457871, 0.24027488
6.3200, 2.12257341, -0.58206828, 0.26180575
6.3300, 2.11379182, -0.57934272, 0.28329950
6.3400, 2.10430711, -0.57640242, 0.30475287
6.3500, 2.09411806, -0.57324781, 0.32616260
6.3600, 2.08322338, -0.56987933, 0.34752534
6.3700, 2.07162169, -0.56629747, 0.36883772
6.3800, 2.05931155, -0.56250275, 0.39009632
6.3900, 2.04629143, -0.55849573, 0.41129764
6.4000, 2.03255976, -0.55427700, 0.43243816
6.4100, 2.01811487, -0.54984718, 0.45351426
6.4200, 2.00295506, -0.54520694, 0.47452228
6.4300, 1.98707855, -0.54035698, 0.49545850
6.4400, 1.97048350, -0.53529802, 0.51631910
6.4500, 1.95316805, -0.53003086, 0.53710020
6.4600, 1.93513025, -0.52455630, 0.55779786
6.4700, 1.91636814, -0.51887519, 0.57840803
6.4800, 1.89687972, -0.51298844, 0.59892660
6.4900, 1.87666294, -0.50689698, 0.61934936
6.5000, 1.85571572, -0.50060179, 0.63967200
6.5100, 1.83403599, -0.49410389, 0.65989013
6.5200, 1.81162164, -0.48740435, 0.67999927
6.5300, 1.78847054, -0.48050428, 0.69999480
6.5400, 1.76458057, -0.47340485, 0.71987205
6.5500, 1.73994963, -0.46610725, 0.73962619
6.5600, 1.71457560, -0.45861275, 0.75925231
6.5700, 1.68845639, -0.45092265, 0.77874538
6.5800, 1.66158995, -0.44303831, 0.79810023
6.5900, 1.63397424, -0.43496112, 0.81731161
6.6000, 1.60560728, -0.42669257, 0.83637411
6.6100, 1.57648714, -0.41823416, 0.85528219
6.6200, 1.54661194, -0.40958746, 0.87403021
6.6300, 1.51597989, -0.40075411, 0.89261235
6.6400, 1.48458927, -0.39173578, 0.91102270
6.6500, 1.45243845, -0.38253424, 0.92925516
6.6600, 1.41952592, -0.37315129, 0.94730353
6.6700, 1.38585026, -0.36358881, 0.96516144
6.6800, 1.35141022, -0.35384872, 0.98282236
6.6900, 1.31620465, -0.34393304, 1.00027963
6.7000, 1.28023257, -0.33384383, 1.01752642
6.7100, 1.24349318, -0.32358324, 1.03455574
6.7200, 1.20598584, -0.31315347, 1.05136045
6.7300, 1.16771014, -0.30255680, 1.06793323
6.7400, 1.12866587, -0.29179560, 1.08426660
6.7500, 1.08885303, -0.28087229, 1.10035294
6.7600, 1.04827189, -0.26978939, 1.11618441
6.7700, 1.00692299, -0.25854948, 1.13175304
6.7800, 0.96480714, -0.24715523, 1.14705067
6.7900, 0.92192545, -0.23560940, 1.16206897
6.8000, 0.87827937, -0.22391481, 1.17679944
6.8100, 0.83387066, -0.21207440, 1.19123339
6.8200, 0.78870148, -0.20009116, 1.20536197
6.8300, 0.74277435, -0.18796821, 1.21917614
6.8400, 0.69609219, -0.17570872, 1.23266671
6.8500, 0.64865836, -0.16331598, 1.24582429
6.8600, 0.60047667, -0.15079337, 1.25863932
6.8700, 0.55155141, -0.13814437, 1.27110209
6.8800, 0.50188736, -0.12537254, 1.28320269
6.8900, 0.45148982, -0.11248156, 1.29493105
6.9000, 0.40036465, -0.09947519, 1.30627696
6.9100, 0.34851828, -0.08635733, 1.31723002
6.9200, 0.29595775, -0.07313194, 1.32777968
6.9300, 0.24269072, -0.05980311, 1.33791525
6.9400, 0.18872552, -0.04637505, 1.34762587
6.9500, 0.13407115, -0.03285205, 1.35690056
6.9600, 0.07873734, -0.01923853, 1.36572819
6.9700, 0.02273455, -0.00553901, 1.37409751
6.9800, -0.03392599, 0.00824186, 1.38199715
6.9900, -0.09123224, 0.02209933, 1.38941562
7.0000, -0.14917132, 0.03602853, 1.39634134
7.0100, -0.20772952, 0.05002447, 1.40276264
7.0200, -0.26689222, 0.06408206, 1.40866775
7.0300, -0.32664388, 0.07819607, 1.41404485
7.0400, -0.38696803, 0.09236116, 1.41888206
7.0500, -0.44784720, 0.10657187, 1.42316747
7.0600, -0.50926294, 0.12082263, 1.42688913
7.0700, -0.57119574, 0.13510773, 1.43003509
7.0800, -0.63362506, 0.14942137, 1.43259340
7.0900, -0.69652925, 0.16375760, 1.43455213
7.1000, -0.75988555, 0.17811037, 1.43589942
7.1100, -0.82367008, 0.19247351, 1.43662345
7.1200, -0.88785778, 0.20684073, 1.43671250
7.1300, -0.95242242, 0.22120561, 1.43615497
7.1400, -1.01733656, 0.23556163, 1.43493936
7.1500, -1.08257154, 0.24990216, 1.43305436
7.1600, -1.14809746, 0.26422045, 1.43048882
7.1700, -1.21388317, 0.27850963, 1.42723183
7.1800, -1.27989625, 0.29276275, 1.42327269
7.1900, -1.34610301, 0.30697271, 1.41860099
7.2000, -1.41246846, 0.32113236, 1.41320659
7.2100, -1.47895633, 0.33523440, 1.40707972
7.2200, -1.54552907, 0.34927148, 1.40021094
7.2300, -1.61214784, 0.36323612, 1.39259120
7.2400, -1.67877248, 0.37712077, 1.38421191
7.2500, -1.74536161, 0.39091780, 1.37506492
7.2600, -1.81187255, 0.40461948, 1.36514258
7.2700, -1.87826138, 0.41821804, 1.35443777
7.2800, -1.94448296, 0.43170561, 1.34294395
7.2900, -2.01049097, 0.44507427, 1.33065519
7.3000, -2.07623788, 0.45831605, 1.31756618
7.3100, -2.14167506, 0.47142291, 1.30367233
7.3200, -2.20675277, 0.48438680, 1.28896972
7.3300, -2.27142023, 0.49719960, 1.27345523
7.3400, -2.33562566, 0.50985319, 1.25712649
7.3500, -2.39931633, 0.52233941, 1.23998200
7.3600, -2.46243863, 0.53465011, 1.22202109
7.3700, -2.52493813, 0.54677711, 1.20324400
7.3800, -2.58675967, 0.55871227, 1.18365190
7.3900, -2.64784741, 0.57044744, 1.16324694
7.4000, -2.70814492, 0.58197451, 1.14203224
7.4100, -2.76759530, 0.59328540, 1.12001195
7.4200, -2.82614121, 0.60437208, 1.09719131
7.4300, -2.88372504, 0.61522658, 1.07357658
7.4400, -2.94028895, 0.62584099, 1.04917518
7.4500, -2.99577502, 0.63620749, 1.02399561
7.4600, -3.05012535, 0.64631834, 0.99804754
7.4700, -3.10328218, 0.65616591, 0.97134180
7.4800, -3.15518800, 0.66574269, 0.94389038
7.4900, -3.20578567, 0.67504128, 0.91570646
7.5000, -3.25501858, 0.68405442, 0.88680441
7.5100, -3.30283075, 0.69277502, 0.85719979
7.5200, -3.34916697, 0.70119613, 0.82690936
7.5300, -3.39397294, 0.70931099, 0.79595105
7.5400, -3.43719539, 0.71711299, 0.76434398
7.5500, -3.47878226, 0.72459577, 0.73210846
7.5600, -3.51868276, 0.73175314, 0.69926591
7.5700, -3.55684758, 0.73857914, 0.66583892
7.5800, -3.59322899, 0.74506805, 0.63185117
7.5900, -3.62778098, 0.75121438, 0.59732740
7.6000, -3.66045938, 0.75701289, 0.56229344
7.6100, -3.69122199, 0.76245863, 0.52677609
7.6200, -3.72002874, 0.76754690, 0.49080314
7.6300, -3.74684175, 0.77227327, 0.45440329
7.6400, -3.77162548, 0.77663364, 0.41760613
7.6500, -3.79434684, 0.78062417, 0.38044206
7.6600, -3.81497529, 0.78424136, 0.34294224
7.6700, -3.83348290, 0.78748200, 0.30513857
7.6800, -3.84984450, 0.79034323, 0.26706356
7.6900, -3.86403772, 0.79282248, 0.22875032
7.7000, -3.87604307, 0.79491755, 0.19023246
7.7100, -3.88584398, 0.79662656, 0.15154405
7.7200, -3.89342692, 0.79794798, 0.11271951
7.7300, -3.89878136, 0.79888061, 0.07379357
7.7400, -3.90189988, 0.79942363, 0.03480118
7.7500, -3.90277814, 0.79957653, -0.00422257
7.7600, -3.90141491, 0.79933919, -0.04324251
7.7700, -3.89781209, 0.79871181, -0.08222349
7.7800, -3.89197469, 0.79769497, -0.12113044
7.7900, -3.88391081, 0.79628957, -0.15992846
7.8000, -3.87363163, 0.79449688, -0.19858288
7.8100, -3.86115136, 0.79231850, -0.23705933
7.8200, -3.84648717, 0.78975640, -0.27532386
7.8300, -3.82965921, 0.78681284, -0.31334294
7.8400, -3.81069044, 0.78349047, -0.35108360
7.8500, -3.78960666, 0.77979221, -0.38851344
7.8600, -3.76643635, 0.77572134, -0.42560074
7.8700, -3.74121061, 0.77128144, -0.46231448
7.8800, -3.71396309, 0.76647640, -0.49862443
7.8900, -3.68472983, 0.76131039, -0.53450120
7.9000, -3.65354919, 0.75578791, -0.56991627
7.9100, -3.62046172, 0.74991370, -0.60484207
7.9200, -3.58551006, 0.74369279, -0.63925200
7.9300, -3.54873878, 0.73713047, -0.67312048
7.9400, -3.51019427, 0.73023227, -0.70642297
7.9500, -3.46992463, 0.72300397, -0.73913604
7.9600, -3.42797949, 0.71545159, -0.77123735
7.9700, -3.38440993, 0.70758133, -0.80270571
7.9800, -3.33926828, 0.69939965, -0.83352108
7.9900, -3.29260804, 0.69091315, -0.86366460
8.0000, -3.24448374, 0.68212865, -0.89311857
8.0100, -3.19495074, 0.67305313, -0.92186651
8.0200, -3.14406518, 0.66369373, -0.94989310
8.0300, -3.09188381, 0.65405772, -0.97718424
8.0400, -3.03846383, 0.64415254, -1.00372701
8.0500, -2.98386283, 0.63398572, -1.02950966
8.0600, -2.92813862, 0.62356491, -1.05452162
8.0700, -2.87134910, 0.61289789, -1.07875348
8.0800, -2.81355220, 0.60199247, -1.10219696
8.0900, -2.75480569, 0.59085660, -1.12484492
8.1000, -2.69516716, 0.57949825, -1.14669129
8.1100, -2.63469384, 0.56792546, -1.16773109
8.1200, -2.57344255, 0.55614633, -1.18796039
8.1300, -2.51146960, 0.54416896, -1.20737628
8.1400, -2.44883068, 0.53200152, -1.22597682
8.1500, -2.38558080, 0.51965215, -1.24376106
8.1600, -2.32177423, 0.50712902, -1.26072895
8.1700, -2.25746439, 0.49444029, -1.27688133
8.1800, -2.19270380, 0.48159411, -1.29221992
8.1900, -2.12754403, 0.46859859, -1.30674723
8.2000, -2.06203564, 0.45546185, -1.32046657
8.2100, -1.99622815, 0.44219194, -1.33338200
8.2200, -1.93016994, 0.42879688, -1.34549827
8.2300, -1.86390828, 0.41528462, -1.35682083
8.2400, -1.79748924, 0.40166309, -1.36735575
8.2500, -1.73095770, 0.38794011, -1.37710969
8.2600, -1.66435732, 0.37412347, -1.38608990
8.2700, -1.59773048, 0.36022087, -1.39430412
8.2800, -1.53111831, 0.34623992, -1.40176062
8.2900, -1.46456069, 0.33218815, -1.40846808
8.3000, -1.39809616, 0.31807302, -1.41443564
8.3100, -1.33176202, 0.30390187, -1.41967281
8.3200, -1.26559425, 0.28968197, -1.42418946
8.3300, -1.19962756, 0.27542045, -1.42799577
8.3400, -1.13389536, 0.26112438, -1.43110222
8.3500, -1.06842980, 0.24680070, -1.43351956
8.3600, -1.00326175, 0.23245625, -1.43525877
8.3700, -0.93842085, 0.21809775, -1.43633101
8.3800, -0.87393550, 0.20373182, -1.43674766
8.3900, -0.80983285, 0.18936495, -1.43652021
8.4000, -0.74613890, 0.17500352, -1.43566032
8.4100, -0.68287845, 0.16065381, -1.43417972
8.4200, -0.62007512, 0.14632196, -1.43209023
8.4300, -0.55775145, 0.13201399, -1.42940376
8.4400, -0.49592882, 0.11773583, -1.42613221
8.4500, -0.43462758, 0.10349326, -1.42228755
8.4600, -0.37386697, 0.08929195, -1.41788172
8.4700, -0.31366526, 0.07513746, -1.41292667
8.4800, -0.25403967, 0.06103521, -1.40743431
8.4900, -0.19500650, 0.04699052, -1.40141651
8.5000, -0.13658106, 0.03300859, -1.39488507
8.5100, -0.07877778, 0.01909449, -1.38785173
8.5200, -0.02161019, 0.00525319, -1.38032816
8.5300, 0.03490901, -0.00851047, -1.37232592
8.5400, 0.09076797, -0.02219177, -1.36385647
8.5500, 0.14595562, -0.03578608, -1.35493115
8.5600, 0.20046166, -0.04928891, -1.34556119
8.5700, 0.25427652, -0.06269586, -1.33575769
8.5800, 0.30739135, -0.07600266, -1.32553161
8.5900, 0.35979798, -0.08920512, -1.31489375
8.6000, 0.41148886, -0.10229919, -1.30385480
8.6100, 0.46245711, -0.11528092, -1.29242525
8.6200, 0.51269641, -0.12814643, -1.28061548
8.6300, 0.56220103, -0.14089199, -1.26843567
8.6400, 0.61096578, -0.15351395, -1.25589584
8.6500, 0.65898599, -0.16600874, -1.24300587
8.6600, 0.70625747, -0.17837293, -1.22977543
8.6700, 0.75277652, -0.19060315, -1.21621405
8.6800, 0.79853988, -0.20269614, -1.20233106
8.6900, 0.84354470, -0.21464873, -1.18813564
8.7000, 0.88778855, -0.22645784, -1.17363679
8.7100, 0.93126937, -0.23812048, -1.15884331
8.7200, 0.97398545, -0.24963375, -1.14376385
8.7300, 1.01593543, -0.26099483, -1.12840688
8.7400, 1.05711825, -0.27220099, -1.11278069
8.7500, 1.09753317, -0.28324958, -1.09689339
8.7600, 1.13717972, -0.29413802, -1.08075295
8.7700, 1.17605768, -0.30486382, -1.06436712
8.7800, 1.21416709, -0.31542457, -1.04774353
8.7900, 1.25150821, -0.32581792, -1.03088961
8.8000, 1.28808150, -0.33604161, -1.01381263
8.8100, 1.32388764, -0.34609345, -0.99651971
8.8200, 1.35892748, -0.35597131, -0.97901780
8.8300, 1.39320202, -0.36567314, -0.96131369
8.8400, 1.42671243, -0.37519693, -0.94341402
8.8500, 1.45946001, -0.38454079, -0.92532528
8.8600, 1.49144620, -0.39370283, -0.90705380
8.8700, 1.52267254, -0.40268127, -0.88860577
8.8800, 1.55314066, -0.41147438, -0.86998723
8.8900, 1.58285232, -0.42008047, -0.85120410
8.9000, 1.61180933, -0.42849793, -0.83226212
8.9100, 1.64001356, -0.43672520, -0.81316695
8.9200, 1.66746697, -0.44476078, -0.79392407
8.9300, 1.69417154, -0.45260321, -0.77453886
8.9400, 1.72012933, -0.46025110, -0.75501657
8.9500, 1.74534238, -0.46770310, -0.73536232
8.9600, 1.76981281, -0.47495792, -0.71558113
8.9700, 1.79354271, -0.48201431, -0.69567789
8.9800, 1.81653421, -0.48887109, -0.67565737
8.9900, 1.83878942, -0.49552709, -0.65552427
9.0000, 1.86031047, -0.50198121, -0.63528314
9.0100, 1.88109945, -0.50823240, -0.61493847
9.0200, 1.90115845, -0.51427965, -0.59449462
9.0300, 1.92048954, -0.52012198, -0.57395588
9.0400, 1.93909474, -0.52575847, -0.55332642
9.0500, 1.95697607, -0.53118822, -0.53261037
9.0600, 1.97413547, -0.53641040, -0.51181173
9.0700, 1.99057488, -0.54142419, -0.49093444
9.0800, 2.00629615, -0.54622884, -0.46998237
9.0900, 2.02130112, -0.55082360, -0.44895930
9.1000, 2.03559153, -0.55520780, -0.42786895
9.1100, 2.04916909, -0.55938077, -0.40671498
9.1200, 2.06203545, -0.56334190, -0.38550096
9.1300, 2.07419216, -0.56709060, -0.36423043
9.1400, 2.08564075, -0.57062633, -0.34290687
9.1500, 2.09638262, -0.57394857, -0.32153367
9.1600, 2.10641916, -0.57705685, -0.30011422
9.1700, 2.11575162, -0.57995071, -0.27865183
9.1800, 2.12438121, -0.58262975, -0.25714978
9.1900, 2.13230905, -0.58509359, -0.23561130
9.2000, 2.13953617, -0.58734187, -0.21403960
9.2100, 2.14606352, -0.58937428, -0.19243783
9.2200, 2.15189196, -0.59119054, -0.17080912
9.2300, 2.15702227, -0.59279038, -0.14915660
9.2400, 2.16145512, -0.59417360, -0.12748332
9.2500, 2.16519111, -0.59533999, -0.10579236
9.2600, 2.16823074, -0.59628940, -0.08408675
9.2700, 2.17057442, -0.59702169, -0.06236951
9.2800, 2.17222247, -0.59753676, -0.04064367
9.2900, 2.17317511, -0.59783454, -0.01891223
9.3000, 2.17343247, -0.59791500, 0.00282183
9.3100, 2.17299458, -0.59777811, 0.02455549
9.3200, 2.17186138, -0.59742390, 0.04628577
9.3300, 2.17003273, -0.59685241, 0.06800967
9.3400, 2.16750836, -0.59606373, 0.08972417
9.3500, 2.16428796, -0.59505797, 0.11142627
9.3600, 2.16037107, -0.59383526, 0.13311293
9.3700, 2.15575717, -0.59239577, 0.15478112
9.3800, 2.15044566, -0.59073971, 0.17642775
9.3900, 2.14443581, -0.58886730, 0.19804976
9.4000, 2.13772684, -0.58677881, 0.21964403
9.4100, 2.13031786, -0.58447452, 0.24120741
9.4200, 2.12220791, -0.58195477, 0.26273674
9.4300, 2.11339591, -0.57921991, 0.28422880
9.4400, 2.10388075, -0.57627033, 0.30568036
9.4500, 2.09366119, -0.57310645, 0.32708812
9.4600, 2.08273593, -0.56972873, 0.34844875
9.4700, 2.07110361, -0.56613764, 0.36975888
9.4800, 2.05876278, -0.56233373, 0.39101507
9.4900, 2.04571190, -0.55831753, 0.41221384
9.5000, 2.03194940, -0.55408965, 0.43335164
9.5100, 2.01747361, -0.54965072, 0.45442487
9.5200, 2.00228282, -0.54500139, 0.47542986
9.5300, 1.98637524, -0.54014236, 0.49636288
9.5400, 1.96974906, -0.53507438, 0.51722012
9.5500, 1.95240238, -0.52979822, 0.53799770
9.5600, 1.93433328, -0.52431470, 0.55869166
9.5700, 1.91553979, -0.51862468, 0.57929795
9.5800, 1.89601988, -0.51272905, 0.59981246
9.5900, 1.87577153, -0.50662875, 0.62023098
9.6000, 1.85479266, -0.50032477, 0.64054919
9.6100, 1.83308118, -0.49381812, 0.66076269
9.6200, 1.81063498, -0.48710988, 0.68086701
9.6300, 1.78745195, -0.48020116, 0.70085752
9.6400, 1.76352996, -0.47309312, 0.72072954
9.6500, 1.73886690, -0.46578698, 0.74047824
9.6600, 1.71346067, -0.45828398, 0.76009871
9.6700, 1.68730917, -0.45058545, 0.77958590
9.6800, 1.66041034, -0.44269273, 0.79893466
9.6900, 1.63276216, -0.43460723, 0.81813971
9.7000, 1.60436264, -0.42633043, 0.83719564
9.7100, 1.57520986, -0.41786384, 0.85609691
9.7200, 1.54530194, -0.40920903, 0.87483787
9.7300, 1.51463710, -0.40036763, 0.89341270
9.7400, 1.48321361, -0.39134135, 0.91181548
9.7500, 1.45102986, -0.38213192, 0.93004011
9.7600, 1.41808433, -0.37274116, 0.94808037
9.7700, 1.38437562, -0.36317094, 0.96592989
9.7800, 1.34990247, -0.35342322, 0.98358214
9.7900, 1.31466374, -0.34349998, 1.00103044
9.8000, 1.27865847, -0.33340331, 1.01826796
9.8100, 1.24188585, -0.32313535, 1.03528771
9.8200, 1.20434528, -0.31269831, 1.05208253
9.8300, 1.16603632, -0.30209447, 1.06864510
9.8400, 1.12695878, -0.29132620, 1.08496795
9.8500, 1.08711268, -0.28039594, 1.10104342
9.8600, 1.04649830, -0.26930619, 1.11686368
9.8700, 1.00511619, -0.25805954, 1.13242075
9.8800, 0.96296717, -0.24665868, 1.14770647
9.8900, 0.92005237, -0.23510634, 1.16271249
9.9000, 0.87637324, -0.22340539, 1.17743030
9.9100, 0.83193158, -0.21155873, 1.19185122
9.9200, 0.78672954, -0.19956938, 1.20596638
9.9300, 0.74076967, -0.18744045, 1.21976675
9.9400, 0.69405491, -0.17517513, 1.23324310
9.9500, 0.64658863, -0.16277670, 1.24638605
9.9600, 0.59837467, -0.15024855, 1.25918604
9.9700, 0.54941734, -0.13759415, 1.27163334
9.9800, 0.49972142, -0.12481709, 1.28371804
9.9900, 0.44929227, -0.11192103, 1.29543007
10.0000, 0.39813575, -0.09890977, 1.30675919
10.0100, 0.34625832, -0.08578716, 1.31769501
10.0200, 0.29366705, -0.07255721, 1.32822697
10.0300, 0.24036963, -0.05922400, 1.33834438
10.0400, 0.18637441, -0.04579174, 1.34803636
10.0500, 0.13169044, -0.03226473, 1.35729193
10.0600, 0.07632745, -0.01864739, 1.36609996
10.0700, 0.02029595, -0.00494426, 1.37444919
10.0800, -0.03639278, 0.00884002, 1.38232825
10.0900, -0.09372669, 0.02270070, 1.38972563
10.1000, -0.15169286, 0.03663289, 1.39662977
10.1100, -0.21027753, 0.05063161, 1.40302897
10.1200, -0.26946604, 0.06469175, 1.40891147
10.1300, -0.32924283, 0.07880808, 1.41426545
10.1400, -0.38959137, 0.09297526, 1.41907904
10.1500, -0.45049415, 0.10718782, 1.42334030
10.1600, -0.51193268, 0.12144018, 1.42703729
10.1700, -0.57388740, 0.13572664, 1.43015806
10.1800, -0.63633773, 0.15004138, 1.43269066
10.1900, -0.69926196, 0.16437845, 1.43462318
10.2000, -0.76263730, 0.17873180, 1.43594374
10.2100, -0.82643980, 0.19309525, 1.43664053
10.2200, -0.89064437, 0.20746250, 1.43670184
10.2300, -0.95522471, 0.22182713, 1.43611606
10.2400, -1.02015334, 0.23618262, 1.43487172
10.2500, -1.08540153, 0.25052233, 1.43295749
10.2600, -1.15093935, 0.26483950, 1.43036226
10.2700, -1.21673558, 0.27912727, 1.42707510
10.2800, -1.28275775, 0.29337866, 1.42308534
10.2900, -1.34897211, 0.30758660, 1.41838256
10.3000, -1.41534362, 0.32174390, 1.41295667
10.3100, -1.48183595, 0.33584329, 1.40679788
10.3200, -1.54841150, 0.34987739, 1.39989678
10.3300, -1.61503135, 0.36383872, 1.39224435
10.3400, -1.68165533, 0.37771974, 1.38383200
10.3500, -1.74824197, 0.39151280, 1.37465161
10.3600, -1.81474854, 0.40521019, 1.36469555
10.3700, -1.88113107, 0.41880410, 1.35395672
10.3800, -1.94734438, 0.43228669, 1.34242862
10.3900, -2.01334208, 0.44565003, 1.33010533
10.4000, -2.07907660, 0.45888613, 1.31698159
10.4100, -2.14449926, 0.47198697, 1.30305280
10.4200, -2.20956028, 0.48494449, 1.28831512
10.4300, -2.27420883, 0.49775057, 1.27276543
10.4400, -2.33839307, 0.51039708, 1.25640142
10.4500, -2.40206026, 0.52287588, 1.23922160
10.4600, -2.46515674, 0.53517879, 1.22122535
10.4700, -2.52762805, 0.54729766, 1.20241296
10.4800, -2.58941899, 0.55922434, 1.18278564
10.4900, -2.65047370, 0.57095067, 1.16234556
10.5000, -2.71073573, 0.58246855, 1.14109590
10.5100, -2.77014816, 0.59376990, 1.11904086
10.5200, -2.82865363, 0.60484670, 1.09618571
10.5300, -2.88619451, 0.61569097, 1.07253678
10.5400, -2.94271298, 0.62629481, 1.04810151
10.5500, -2.99815109, 0.63665041, 1.02288848
10.5600, -3.05245097, 0.64675002, 0.99690739
10.5700, -3.10555485, 0.65658603, 0.97016912
10.5800, -3.15740523, 0.66615092, 0.94268572
10.5900, -3.20794500, 0.67543731, 0.91447042
10.6000, -3.25711758, 0.68443794, 0.88553763
10.6100, -3.30486701, 0.69314572, 0.85590297
10.6200, -3.35113812, 0.70155371, 0.82558325
10.6300, -3.39587666, 0.70965516, 0.79459646
10.6400, -3.43902940, 0.71744348, 0.76296177
10.6500, -3.48054432, 0.72491230, 0.73069952
10.6600, -3.52037072, 0.73205545, 0.69783121
10.6700, -3.55845933, 0.73886698, 0.66437945
10.6800, -3.59476251, 0.74534118, 0.63036798
10.6900, -3.62923432, 0.75147256, 0.59582160
10.7000, -3.66183066, 0.75725591, 0.56076615
10.7100, -3.69250945, 0.76268627, 0.52522850
10.7200, -3.72123068, 0.76775897, 0.48923647
10.7300, -3.74795658, 0.77246958, 0.45281881
10.7400, -3.77265173, 0.77681402, 0.41600514
10.7500, -3.79528313, 0.78078847, 0.37882588
10.7600, -3.81582035, 0.78438943, 0.34131225
10.7700, -3.83423559, 0.78761371, 0.30349616
10.7800, -3.85050379, 0.79045845, 0.26541015
10.7900, -3.86460271, 0.79292112, 0.22708735
10.8000, -3.87651297, 0.79499952, 0.18856141
10.8100, -3.88621816, 0.79669178, 0.14986639
10.8200, -3.89370484, 0.79799640, 0.11103674
10.8300, -3.89896266, 0.79891219, 0.07210720
10.8400, -3.90198429, 0.79943832, 0.03311273
10.8500, -3.90276554, 0.79957434, -0.00591158
10.8600, -3.90130532, 0.79932011, -0.04493057
10.8700, -3.89760567, 0.79867586, -0.08390907
10.8800, -3.89167173, 0.79764218, -0.12281203
10.8900, -3.88351172, 0.79621999, -0.16160455
10.9000, -3.87313697, 0.79441057, -0.20025197
10.9100, -3.86056180, 0.79221555, -0.23871995
10.9200, -3.84580354, 0.78963689, -0.27697455
10.9300, -3.82888243, 0.78667688, -0.31498226
10.9400, -3.80982158, 0.78333817, -0.35271013
10.9500, -3.78864689, 0.77962372, -0.39012580
10.9600, -3.76538696, 0.77553680, -0.42719757
10.9700, -3.74007301, 0.77108102, -0.46389445
10.9800, -3.71273879, 0.76626027, -0.50018626
10.9900, -3.68342044, 0.76107874, -0.53604363
11.0000, -3.65215642, 0.75554094, -0.57143809
11.0100, -3.61898738, 0.74965162, -0.60634211
11.0200, -3.58395603, 0.74341582, -0.64072913
11.0300, -3.54710704, 0.73683884, -0.67457362
11.0400, -3.50848687, 0.72992624, -0.70785108
11.0500, -3.46814367, 0.72268379, -0.74053812
11.0600, -3.42612717, 0.71511752, -0.77261247
11.0700, -3.38248847, 0.70723365, -0.80405298
11.0800, -3.33727999, 0.69903864, -0.83483966
11.0900, -3.29055526, 0.69053910, -0.86495369
11.1000, -3.24236883, 0.68174186, -0.89437744
11.1100, -3.19277613, 0.67265391, -0.92309447
11.1200, -3.14183332, 0.66328238, -0.95108951
11.1300, -3.08959715, 0.65363457, -0.97834853
11.1400, -3.03612487, 0.64371791, -1.00485863
11.1500, -2.98147407, 0.63353993, -1.03060814
11.1600, -2.92570255, 0.62310831, -1.05558653
11.1700, -2.86886824, 0.61243080, -1.07978443
11.1800, -2.81102904, 0.60151525, -1.10319363
11.1900, -2.75224274, 0.59036959, -1.12580701
11.2000, -2.69256690, 0.57900179, -1.14761857
11.2100, -2.63205874, 0.56741990, -1.16862337
11.2200, -2.57077505, 0.55563202, -1.18881752
11.2300, -2.50877213, 0.54364626, -1.20819815
11.2400, -2.44610564, 0.53147078, -1.22676338
11.2500, -2.38283055, 0.51911372, -1.24451228
11.2600, -2.31900110, 0.50658325, -1.26144486
11.2700, -2.25467067, 0.49388754, -1.27756198
11.2800, -2.18989174, 0.48103473, -1.29286540
11.2900, -2.12471585, 0.46803294, -1.30735767
11.3000, -2.05919350, 0.45489026, -1.32104213
11.3100, -1.99337416, 0.44161477, -1.33392286
11.3200, -1.92730618, 0.42821447, -1.34600467
11.3300, -1.86103676, 0.41469732, -1.35729302
11.3400, -1.79461193, 0.40107123, -1.36779399
11.3500, -1.72807652, 0.38734405, -1.37751430
11.3600, -1.66147412, 0.37352353, -1.38646119
11.3700, -1.59484707, 0.35961737, -1.39464245
11.3800, -1.52823646, 0.34563320, -1.40206634
11.3900, -1.46168207, 0.33157854, -1.40874159
11.4000, -1.39522242, 0.31746084, -1.41467735
11.4100, -1.32889475, 0.30328743, -1.41988313
11.4200, -1.26273497, 0.28906557, -1.42436882
11.4300, -1.19677775, 0.27480242, -1.42814462
11.4400, -1.13105643, 0.26050501, -1.43122103
11.4500, -1.06560311, 0.24618029, -1.43360879
11.4600, -1.00044862, 0.23183510, -1.43531890
11.4700, -0.93562253, 0.21747614, -1.43636253
11.4800, -0.87115318, 0.20311003, -1.43675106
11.4900, -0.80706770, 0.18874326, -1.43649601
11.5000, -0.74339200, 0.17438222, -1.43560901
11.5100, -0.68015085, 0.16003315, -1.43410181
11.5200, -0.61736782, 0.14570221, -1.43198624
11.5300, -0.55506540, 0.13139541, -1.42927420
11.5400, -0.49326492, 0.11711867, -1.42597760
11.5500, -0.43198668, 0.10287777, -1.42210841
11.5600, -0.37124990, 0.08867837, -1.41767857
11.5700, -0.31107276, 0.07452603, -1.41270002
11.5800, -0.25147249, 0.06042616, -1.40718467
11.5900, -0.19246530, 0.04638408, -1.40114439
11.6000, -0.13406650, 0.03240498, -1.39459099
11.6100, -0.07629045, 0.01849393, -1.38753620
11.6200, -0.01915067, 0.00465589, -1.37999167
11.6300, 0.03734019, -0.00910430, -1.37196898
11.6400, 0.09317032, -0.02278193, -1.36347956
11.6500, 0.14832868, -0.03637238, -1.35453477
11.6600, 0.20280500, -0.04987115, -1.34514582
11.6700, 0.25658975, -0.06327385, -1.33532380
11.6800, 0.30967410, -0.07657622, -1.32507967
11.6900, 0.36204990, -0.08977407, -1.31442424
11.7000, 0.41370965, -0.10286337, -1.30336817
11.7100, 0.46464647, -0.11584014, -1.29192195
11.7200, 0.51485410, -0.12870054, -1.28009596
11.7300, 0.56432680, -0.14144082, -1.26790035
11.7400, 0.61305942, -0.15405735, -1.25534517
11.7500, 0.66104731, -0.16654656, -1.24244026
11.7600, 0.70828630, -0.17890502, -1.22919531
11.7700, 0.75477271, -0.19112937, -1.21561982
11.7800, 0.80050330, -0.20321634, -1.20172312
11.7900, 0.84547523, -0.21516279, -1.18751439
11.8000, 0.88968610, -0.22696562, -1.17300260
11.8100, 0.93313386, -0.23862186, -1.15819657
11.8200, 0.97581681, -0.25012860, -1.14310492
11.8300, 1.01773360, -0.26148303, -1.12773613
11.8400, 1.05888321, -0.27268243, -1.11209847
11.8500, 1.09926489, -0.28372413, -1.09620006
11.8600, 1.13887817, -0.29460559, -1.08004883
11.8700, 1.17772287, -0.30532429, -1.06365256
11.8800, 1.21579902, -0.31587785, -1.04701885
11.8900, 1.25310690, -0.32626390, -1.03015512
11.9000, 1.28964698, -0.33648021, -1.01306866
11.9100, 1.32541994, -0.34652456, -0.99576655
11.9200, 1.36042663, -0.35639484, -0.97825575
11.9300, 1.39466807, -0.36608900, -0.96054304
11.9400, 1.42814544, -0.37560505, -0.94263505
11.9500, 1.46086004, -0.38494107, -0.92453827
11.9600, 1.49281332, -0.39409521, -0.90625903
11.9700, 1.52400680, -0.40306567, -0.88780349
11.9800, 1.55444216, -0.41185071, -0.86917771
11.9900, 1.58412112, -0.42044867, -0.85038758
12.0000, 1.61304550, -0.42885793, -0.83143886
12.0100, 1.64121720, -0.43707694, -0.81233718
12.0200, 1.66863816, -0.44510419, -0.79308803
12.0300, 1.69531038, -0.45293823, -0.77369678
12.0400, 1.72123589, -0.46057767, -0.75416868
12.0500, 1.74641676, -0.46802116, -0.73450883
12.0600, 1.77085510, -0.47526742, -0.71472226
12.0700, 1.79455300, -0.48231520, -0.69481384
12.0800, 1.81751259, -0.48916331, -0.67478836
12.0900, 1.83973599, -0.49581059, -0.65465049
12.1000, 1.86122530, -0.50225596, -0.63440479
12.1100, 1.88198265, -0.50849834, -0.61405573
12.1200, 1.90201011, -0.51453674, -0.59360769
12.1300, 1.92130974, -0.52037018, -0.57306493
12.1400, 1.93988357, -0.52599774, -0.55243165
12.1500, 1.95773361, -0.53141853, -0.53171194
12.1600, 1.97486182, -0.53663170, -0.51090981
12.1700, 1.99127011, -0.54163646, -0.49002921
12.1800, 2.00696035, -0.54643204, -0.46907399
12.1900, 2.02193435, -0.55101770, -0.44804793
12.2000, 2.03619388, -0.55539277, -0.42695475
12.2100, 2.04974063, -0.55955659, -0.40579811
12.2200, 2.06257624, -0.56350854, -0.38458157
12.2300, 2.07470228, -0.56724803, -0.36330868
12.2400, 2.08612025, -0.57077453, -0.34198289
12.2500, 2.09683157, -0.57408752, -0.32060763
12.2600, 2.10683761, -0.57718653, -0.29918625
12.2700, 2.11613963, -0.58007111, -0.27772207
12.2800, 2.12473883, -0.58274084, -0.25621838
12.2900, 2.13263632, -0.58519535, -0.23467840
12.3000, 2.13983314, -0.58743430, -0.21310533
12.3100, 2.14633023, -0.58945736, -0.19150233
12.3200, 2.15212844, -0.59126426, -0.16987253
12.3300, 2.15722854, -0.59285473, -0.14821904
12.3400, 2.16163122, -0.59422857, -0.12654493
12.3500, 2.16533707, -0.59538557, -0.10485327
12.3600, 2.16834658, -0.59632559, -0.08314710
12.3700, 2.17066015, -0.59704848, -0.06142943
12.3800, 2.17227810, -0.59755415, -0.03970329
